13086
19605
1454
31577
25380
3666
28230
20064
228
14547
2752
12090
7360
1601
10931
29937
8233
11927
2359
1295
22035
7758
14583
24417
22438
57
5767
5883
12599
7854
13560
23676
21366
24550
30890
32147
9449
24998
21602
32194
18329
30751
23708
11362
26379
5140
9507
23528
8817
21562
7390
7782
26402
17892
23533
11093
20296
6367
6133
21137
22744
19099
12983
8357
2248
3212
5864
6217
20092
27088
22332
9513
15233
28690
17349
11240
25469
24494
27003
23397
30822
10006
12316
9021
30451
11636
2614
29585
30544
12433
27521
10761
30230
14837
31091
20504
10618
28496
10767
3714
14021
16920
17662
31260
23556
17012
31456
7635
25088
6489
1764
26096
27248
28146
3734
20635
28270
14918
13305
1949
296
21269
3542
18282
10968
9986
31315
14174
28662
30968
32711
5959
22699
6598
12237
26148
3210
25868
16536
26156
22139
1371
20614
8722
9463
17304
2039
22408
23163
26017
3423
27394
566
24627
32666
18620
15621
24588
27264
22270
31394
28236
27066
23967
21273
13345
28116
1736
5243
8611
22418
23802
22741
31741
23944
27218
14435
5838
28645
23820
27650
15567
3728
21831
29668
2997
17782
16391
5767
18265
17186
25472
19432
26646
15758
146
26868
26738
6456
11664
7999
5633
1657
20037
9464
27015
2322
19769
6429
10845
7688
31280
30699
24854
29619
12788
13209
23905
26641
13140
17733
21297
16736
17773
18991
21276
21739
4904
293
8705
4132
24580
15422
13294
6131
31254
6859
20033
29262
3406
8075
5389
28170
15355
30494
1983
15600
8337
700
12545
29716
7338
31527
3550
26210
6476
16350
28711
3450
7274
9876
24598
29886
22445
24288
16690
23208
5236
15926
15986
31842
8473
2070
16805
16272
9078
1667
31249
11888
29863
1719
13915
31270
27154
3605
5543
30545
12197
23391
21503
18658
5983
2089
13817
11566
530
24206
22420
8514
17767
14113
25188
20086
13090
29478
28399
30277
9639
26371
5462
20571
13757
18673
28984
3824
32147
30711
7379
32085
3329
12057
26476
27852
29455
30925
19185
25501
187
30382
25822
16998
10487
20852
30301
21427
8690
25892
12209
31182
11160
32132
19156
28377
8028
14034
14687
19225
11573
22197
27051
17813
27110
12660
26422
25312
4739
28518
23112
1587
10545
18090
10966
6334
20269
32023
19110
15168
16
18038
27316
13782
4689
21231
8149
6672
8459
8642
15002
19274
17152
27704
22135
24890
13023
15576
25636
6341
19650
1757
13124
18199
1275
20968
16197
754
15376
19955
17287
30790
5124
25478
23232
6659
10968
5165
11679
9771
24146
16169
29871
12331
31997
7782
20863
9579
2161
4013
17152
36
27860
32283
14638
7282
20897
32722
3058
25514
26536
31726
22855
16877
22615
27835
3741
6653
14903
4645
8570
11088
11961
10351
15207
7779
3379
30504
23818
11089
16166
19547
15504
3748
12738
14343
25422
16491
172
7118
20135
8589
15870
25329
6192
4956
31632
30332
26898
11629
31094
16830
15536
1448
7625
23292
13962
16027
6571
9319
3937
20499
24453
31050
23965
15854
20115
15240
15595
12587
14243
21830
6442
10051
7961
741
8328
11196
24631
31027
8424
20475
5531
15330
21640
21850
27401
14393
25056
15738
15467
30729
4813
13531
9750
227
1774
2985
27215
13192
25934
12505
20494
16289
20804
25461
24322
32688
9880
3636
7380
20807
16615
334
12208
15736
21065
32398
2562
1420
3376
19369
893
26615
9620
16078
866
12684
27981
31102
8191
28398
4032
17822
22390
21063
12477
18635
17855
8508
29352
493
31728
16160
10199
17679
23740
10087
13116
10606
8762
27742
23620
7631
28904
3610
6654
5910
7152
15790
6528
3349
32426
24738
903
14754
3937
26784
17757
19948
3930
21359
24832
4623
31762
26406
2176
8933
9672
32409
2217
16927
3899
31256
18146
27797
31413
10329
22101
10971
18504
15282
26704
20501
2392
8075
7147
6924
27994
16916
28908
28033
27610
9779
25063
3521
20419
20929
27050
9849
2011
27637
30680
30924
24717
8224
6355
29859
2795
6299
21727
11076
5363
9726
2693
20519
14097
26259
18486
15364
6886
523
